$ANSIBLE_VAULT;1.1;AES256
66626336333438663434313237666664646635336533393136346463663263383934343563333461
6338323538633361356236366135346637363362333663310a393330663135366439346639623733
36656133363039366338303430656435316636383930613566313539346532306631343632353233
3539333364636639340a363836383530366566393635653664623639323666393837626531306163
37393238656236643739326361666432353761336535663663623831643737306136323634386335
61616165376338646636613033333964633061323135303635613931323966326566623730646230
65613063663232323031343965333531373965386636646463373162623938336236346234633365
33656164313639663432646231396533636636633964393862653934313237623964333033613736
64356531303365373963343266373237383161396434373235383836646630643034626538646239
39663962386562366530656637636362646165373366393966613831306663626565373334323865
61623465653830323862323632636339326531316661333432356330613831346338633665363730
37633866336433373732343737363338613839643431356363363538653339383061633237613037
65323533626139623237643932636233363433646633393033336165363838616138643565613839
3237383239303436303035363537326230386538646536633537
